0.048880389045124
0.0433572230773057
0.0756495987647623
0.111239397873578
0.072001482501795
0.0547903417891537
0.0787067679050651
0.0712162307756541
0.051865048296942
0.069062000720272
0.076787900560294
0.0487591633919876
0.0575944483508376
0.0899934461936586
0.0435944503452519
0.0217575204390434
0.13860233938097
0.111268137810537
-0.0712206976796483
-0.10155512007064
-0.114345315262992
0.160758655051181
0.281566075947379
0.304426074592752
0.330400427501345
0.35870114282776
0.388456344373663
0.0901183272981767
-0.335031073638987
-0.372914107599735
-0.415583178261052
-0.466331999718327
-0.524378845823372
-0.589842890085122
-0.663458704658987
-0.745965091814264
-0.83814745190671
-0.940928747765525
-1.05534284868373
-1.18252741230656
-1.32371503839874
-1.4802868565824
-1.65372129284486
-1.84559259328956
-2.05765603733216
-2.2916560252582
-2.54936930154784
-2.83254802038173
-3.14267482184236
-3.48054263293843
-3.84593188079417
-4.23631858593743
-4.64514042447912
-5.05847095211632
-5.44972700713856
-5.77427619770294
